[gd_scene load_steps=2 format=2]

[ext_resource path="res://Characters/TreeHugger/HarmonyHomeTreehugger.glb" type="PackedScene" id=1]

[node name="TreeHugger" instance=ExtResource( 1 )]

[node name="BoneAttachment" parent="Armature/Skeleton" index="0"]
transform = Transform( 1, 3.6733e-09, 6.19916e-09, -3.37952e-09, 0.998907, -0.046742, -6.36408e-09, 0.046742, 0.998907, 1.55323e-09, 1.09977, 0.120171 )

[node name="BoneAttachment 2" parent="Armature/Skeleton" index="1"]
transform = Transform( 1, 3.6733e-09, 6.19916e-09, -3.37952e-09, 0.998907, -0.046742, -6.36408e-09, 0.046742, 0.998907, 1.55323e-09, 1.09977, 0.120171 )

[node name="BoneAttachment 3" parent="Armature/Skeleton" index="2"]
transform = Transform( 1, 3.6733e-09, 6.19916e-09, -3.37952e-09, 0.998907, -0.046742, -6.36408e-09, 0.046742, 0.998907, 1.55323e-09, 1.09977, 0.120171 )

[node name="Hippy Flower 2" parent="." index="3"]
visible = false
